13
#n ret_price	total_distrib	tot_distrib_1st_year	reprints	num_reprints	tot_devol	tot_devol_1st_year	distrib_1st_edition	tot_sell_points	tot_sell_points_1st_year	weeks_sale	print-run	total_sales
21.88	53717	44319	27	38331	6927	2978	4195	985	822	148	41345	38160
17.31	52840	50007	10	25785	14395	10639	16351	1086	1018	143	34985	28769
18.27	30389	30061	11	18899	6939	5173	11642	950	908	146	29039	19405
26.92	24987	20974	27	19502	2386	1475	3426	717	605	141	22526	18858
17.69	15137	12854	16	8965	2087	1052	2703	668	556	144	11749	10375
17.31	15402	14161	8	9269	5074	2617	2821	653	605	112	11230	8639
12.5	11230	11137	9	4117	3791	3202	5268	491	479	147	8427	6708
18.27	14214	13957	3	2122	6815	6094	10195	589	560	113	12202	5905
18.22	7517	6826	0	0	1703	1251	3956	371	332	134	5832	4769
21.11	7359	6875	8	2792	1479	966	2466	546	505	111	6008	4765
16.35	12259	11766	4	2609	6528	5162	9761	722	688	137	11659	4478
18.27	5901	5064	9	3527	1079	665	1111	384	333	145	4893	4174
19.23	9800	9750	5	2175	5071	4223	5099	574	560	143	7135	4083
20.19	10979	10961	7	1783	6122	4931	7306	708	690	121	11033	3902
18.75	6419	4965	12	2963	1784	1249	1992	483	415	137	5289	3764
22.12	7641	7585	3	1746	3486	2858	4639	551	538	120	6676	3634
19.23	7065	7024	3	1537	2740	1942	4601	543	522	111	6282	3530
19.23	11082	11097	1	3	6828	5648	9543	573	553	113	9953	3416
21.06	4733	3920	5	2004	880	622	1788	356	309	137	3866	3403
22.07	5182	4675	4	1585	1171	860	2153	466	427	119	4862	3313
15.38	6506	6203	3	1323	2227	1540	3994	611	583	131	5493	3225
17.31	7958	7782	5	1816	4038	3375	4687	624	605	116	6846	3124
19.23	4168	2925	3	2022	755	427	1312	383	321	146	3522	2945
18.22	4823	4077	5	34	1440	1013	2353	459	402	145	3892	2676
19.04	7325	7043	3	9	4359	3714	5331	478	461	145	7677	2607
17.31	4311	3703	1	2	1474	1188	2579	455	426	146	2832	2406
17.69	3974	3605	4	29	923	617	1796	466	424	101	3053	2396
21.15	6221	6230	2	9	3270	2637	4780	373	361	109	4793	2359
25	5208	4859	13	2044	2435	1553	1286	436	402	136	4058	2215
6.68	3836	3158	5	305	1209	627	2143	423	377	146	3245	2162
16.3	3615	3449	5	622	999	709	1929	463	432	101	3549	2110
26.92	3995	3793	6	2303	1435	1123	2286	461	427	117	3837	2002
18.27	5197	5183	3	314	2950	2425	3808	497	483	102	4234	1902
19.23	3340	3031	4	29	1183	909	1772	370	348	114	2333	1885
17.31	3704	3523	1	5	1421	1200	2305	353	337	102	3065	1880
20.14	3348	3090	9	1102	999	702	1528	401	358	143	3417	1867
21.15	3449	3199	4	57	1273	984	1694	376	359	112	3404	1860
19.23	2819	2194	3	985	654	451	1000	273	212	101	2362	1833
22.12	4951	4887	2	7	2808	2233	3785	507	488	132	5027	1799
25.96	3301	2362	9	2488	1121	712	1104	398	313	129	2726	1736
18.22	2667	1730	2	1004	611	461	726	312	257	140	1981	1667
16.35	4046	3847	2	19	1799	1196	2210	337	320	128	4508	1658
18.22	3047	2842	3	36	944	694	1445	370	333	120	3059	1657
16.35	2870	2365	8	2237	846	600	1197	330	289	145	4151	1649
18.22	3221	2930	3	36	1109	808	1600	393	364	111	2864	1648
12.5	2510	2172	5	706	732	442	1072	291	256	135	2110	1539
19.18	2573	2301	4	53	559	333	1214	370	338	129	3046	1539
16.3	3182	3076	2	23	1434	1247	2301	425	413	149	2487	1506
13.94	2491	2340	4	526	748	493	1026	220	200	111	2291	1492
18.22	2874	2647	1	22	939	667	1701	371	337	120	3035	1470
20.14	2692	2457	6	1085	941	621	1164	368	350	119	3035	1467
16.3	2945	2883	2	3	1350	1038	2223	374	363	137	2486	1437
16.3	2836	2558	2	4	1136	895	1879	362	340	116	2512	1423
18.22	2851	2647	2	16	1106	849	1644	385	359	110	2458	1416
22.07	2977	2843	4	2359	1276	964	1812	389	371	118	2939	1390
19.18	5306	5281	2	34	3518	2888	3818	562	551	114	4600	1381
17.31	2818	2755	1	980	1186	934	1551	372	361	117	2830	1373
22.07	5103	4993	3	480	3421	2899	3290	418	396	114	5030	1369
19.18	2908	2781	5	27	1222	828	1909	362	343	142	3187	1357
5.72	2544	2540	9	4501	769	722	1570	149	145	130	4551	1334
18.27	3674	3616	3	8	2091	1621	2372	420	405	137	3688	1296
16.83	3010	2843	5	81	1461	1089	1721	389	366	146	3092	1267
18.22	2450	2178	3	11	890	553	1398	353	318	132	2786	1260
18.75	2773	2501	1	60	1337	1046	1290	391	365	114	2060	1255
14.42	3016	2652	3	43	1438	1087	1742	413	372	113	2343	1252
14.42	2174	1935	3	387	671	459	1173	330	307	144	2019	1250
21.11	3381	3282	5	27	1775	1293	2344	434	408	148	4157	1201
19.18	2862	2799	2	18	1473	1165	2161	410	398	147	2898	1182
20.1	2971	2832	2	48	1485	1117	1926	396	376	113	2371	1178
16.3	2659	2614	2	10	1267	1039	2045	361	351	144	2506	1174
15.38	2838	2826	2	3	1517	1160	2093	331	327	129	3003	1157
9.42	2092	1859	11	1155	632	499	1110	258	232	146	3195	1156
23.08	2034	1390	0	0	624	448	860	244	212	147	1825	1145
12.98	2001	1795	3	42	756	532	1213	275	250	141	1560	1089
19.18	2600	2504	2	21	1324	1052	1795	430	415	138	2422	1084
16.3	2635	2602	2	7	1401	1132	1874	358	346	146	2503	1057
17.31	2911	2864	2	5	1588	1298	1992	355	348	116	3225	1049
14.42	2123	1907	4	1534	813	632	1152	297	277	126	2994	1045
17.26	2465	2307	3	31	1207	913	1703	352	338	108	2791	1041
17.31	2488	2470	2	4	1234	976	1630	358	354	118	2649	1037
7.64	2337	2226	2	2	1029	771	1648	284	276	132	3026	1037
17.79	4561	4521	4	12	3388	2951	3903	561	548	137	4692	972
16.3	2322	2266	2	27	1198	949	1795	293	287	133	2497	966
20.67	2209	2047	5	877	908	645	1526	377	341	113	2547	962
11.54	1371	942	0	0	264	102	560	134	124	107	1100	932
16.3	2429	2429	2	9	1301	909	1848	292	285	109	2504	927
21.06	1753	1610	2	33	664	498	1017	285	257	108	1583	914
22.6	1815	1634	4	39	711	487	1110	261	238	146	1999	885
26.92	2579	2487	3	243	1460	1146	1596	335	307	107	3249	854
21.11	2107	2027	4	22	1065	752	1393	351	325	132	2546	841
20.19	1585	1497	4	22	639	469	951	250	236	118	1328	814
11.06	1549	1455	4	44	558	360	770	226	213	124	1214	812
17.31	2175	2086	1	2	1212	1015	1369	295	280	126	2702	808
15.87	2643	1931	4	147	1553	1091	1252	300	249	107	2367	805
16.35	1892	1763	4	88	851	611	1235	306	276	141	2104	805
19.04	1452	1304	2	6	421	311	821	204	188	120	1403	801
15.38	1600	1374	5	175	673	473	936	238	211	147	1975	749
18.22	1433	1024	0	0	398	210	357	170	116	135	1025	748
20.14	1314	944	0	0	323	186	498	145	97	134	1018	717
15.87	1246	1163	2	17	369	239	717	196	179	114	1028	706
7.69	1446	1301	3	54	561	391	947	249	229	120	2358	696
19.13	1693	1586	3	59	848	578	1191	309	282	139	1775	687
16.35	2631	2590	2	4	1797	1415	1806	388	381	142	2474	676
13.46	1425	1379	2	5	569	406	761	266	252	128	1008	670
15.34	1467	1270	4	49	646	462	822	154	128	143	1903	666
19.04	2465	2470	4	23	1633	1248	1944	345	336	135	3204	662
22.12	1346	1246	2	13	490	314	812	251	233	112	1216	661
15.38	1215	1119	0	0	450	298	690	177	168	110	1185	657
21.11	2111	2071	3	19	1263	904	1477	330	314	109	2439	653
14.42	1352	1104	4	57	480	332	717	183	146	120	1937	646
20.67	1429	1279	2	36	627	450	969	270	238	149	1116	641
19.13	1469	1389	4	18	723	560	1029	213	195	136	1390	616
16.35	1789	1569	5	246	972	681	1182	301	276	137	2268	613
17.31	2176	2094	7	32	1463	1264	1778	244	237	140	2816	601
20.19	2223	2220	5	24	1433	1046	1835	327	316	111	2629	599
22.07	1464	1369	10	999	648	488	928	240	229	109	2478	595
19.23	1506	1444	4	16	794	548	1044	239	224	131	1932	585
12.98	1226	1163	2	40	461	300	743	234	224	121	2035	580
13.94	1511	1439	1	18	765	594	1069	249	229	132	1690	579
12.98	1209	1147	4	45	446	324	659	177	162	114	2178	570
18.27	1571	1480	1	3	861	665	1112	239	229	119	1766	570
15.38	2993	2980	2	6	2339	1994	2403	444	439	139	2940	564
12.45	1435	1359	11	69	725	536	960	223	213	145	2105	556
17.79	1709	1698	0	0	1049	793	1427	294	291	148	2034	554
9.62	1350	1237	2	21	637	402	936	156	132	142	1841	552
17.31	4663	4671	1	1	3996	3548	4153	514	510	121	5649	540
6.25	1101	970	3	15	413	274	640	173	145	120	1384	531
16.25	1097	1006	2	17	423	296	719	177	160	147	1090	524
13.46	1111	1069	2	26	447	223	685	166	152	141	1504	522
19.18	1177	1104	0	0	569	426	777	210	198	117	1152	511
15.38	2280	2270	3	16	1680	1181	1860	374	366	120	2586	504
16.83	1569	1507	4	206	946	701	1092	282	263	135	2236	500
15.38	1163	1112	0	0	530	420	732	198	186	120	4045	498
11.54	1516	1364	3	33	920	653	1075	268	251	119	1427	498
72.12	965	845	3	169	330	240	479	231	213	107	661	498
13.41	1064	993	4	45	423	263	673	171	160	119	1417	496
16.35	2245	2203	2	13	1678	1295	1838	347	335	146	3013	494
14.9	1779	1766	2	35	1170	865	1352	245	240	149	7825	488
18.27	2063	2044	2	3	1389	1017	1686	273	257	147	3753	486
20.19	2909	2918	3	33	2343	1806	2530	408	404	134	2618	483
13.46	1120	1080	2	18	487	319	707	196	185	114	1278	477
18.27	3019	3031	2	5	2449	2031	2751	418	411	117	4005	466
15.38	1035	993	3	11	510	328	698	191	181	115	1407	457
17.79	4098	4108	5	54	3502	3156	3675	451	445	148	5356	444
22.12	1222	1195	1	978	698	588	971	229	226	117	1888	441
8.65	842	778	0	0	297	212	558	129	117	130	1100	441
15.38	992	855	0	0	410	253	613	135	119	120	1500	434
14.42	1268	1137	4	45	667	429	913	240	214	139	1445	430
14.42	969	889	4	16	477	327	665	194	179	130	1855	414
15.38	919	863	0	0	400	296	576	166	157	114	750	412
17.79	1377	1341	0	0	974	867	974	153	148	108	1865	397
19.71	1196	1141	0	0	735	626	852	193	184	135	900	387
15.38	1106	1034	5	222	593	365	818	159	142	141	2022	385
7.69	1231	1118	3	50	714	517	937	247	221	120	2350	385
19.23	1518	1379	9	66	921	464	1023	279	231	136	2045	378
15.87	1524	1479	3	166	994	771	1118	248	235	108	2386	377
13.46	929	554	6	690	434	195	432	179	131	147	1110	373
17.79	808	737	0	0	353	218	518	167	155	119	800	373
28.8	741	672	1	1	304	225	426	156	154	149	679	365
15.38	1223	1153	4	14	789	532	894	240	227	142	1438	362
22.12	947	874	0	0	484	322	675	177	159	147	1350	362
17.79	1200	1160	1	2	780	592	873	213	200	114	1602	354
15.87	954	890	0	0	530	388	586	168	162	113	972	353
20.19	1090	1001	4	30	623	476	695	201	185	135	999	352
21.15	753	714	0	0	288	197	446	113	106	108	900	348
17.31	1252	1212	3	23	801	584	1012	297	280	119	2327	347
12.5	945	875	3	24	497	340	673	166	155	117	1384	342
17.31	1033	974	13	73	586	412	739	187	173	145	1569	342
16.3	855	800	9	62	390	259	586	167	152	133	2062	341
17.31	1090	1051	8	53	620	456	843	210	200	132	1513	338
18.27	2357	2323	3	15	1928	1620	1966	322	316	135	3560	337
15.38	964	914	3	27	520	327	680	178	167	119	1392	336
13.41	1085	930	4	57	662	408	790	175	147	138	1907	330
15.38	1807	1803	6	34	1416	1160	1520	240	236	142	2694	329
22.07	1731	1704	0	0	1392	1257	1100	170	164	112	2557	325
6.73	704	617	1	78	300	166	473	136	121	113	942	321
9.62	818	681	4	40	419	182	521	173	158	146	880	310
14.42	1076	952	4	468	718	412	831	232	209	140	1841	307
